0.3122427	0.5803398	0.0	0.0	0.3122427	0.5803398	0.6	0.6	5.199937	0.0
0.8862680660970855	0.3117712199123872	8.149350220261955	-3.868338946692905	0.8629157010299906	0.5342118162114347	0.8599968	0.6000449	5.199747	0.001796856
1.2937355771101833	0.11835427257774195	8.149350220261955	-3.868338946692905	1.173848	0.4810729	1.119984	0.6002246	5.199429	0.005389957
0.9810399515241564	0.14249589522377046	3.59783074674057	0.20248930509508511	0.9691492146044445	0.39751292413780476	1.379955	0.6006288	5.198979	0.01077814
1.1609314888611848	0.1526203604785247	3.59783074674057	0.20248930509508511	1.650626	0.6246904	1.639904	0.6013473	5.198392	0.0179597
1.4246011593031869	0.38264039901517655	4.046891423641217	1.4883504031335633	1.6233087462060771	0.4990907778058553	1.899823	0.6024697	5.197661	0.02693234
1.6269457304852477	0.45705791917185473	4.046891423641217	1.4883504031335633	2.188824	0.6487392	2.159704	0.6040855	5.196776	0.03769324
1.9087557257476404	0.5419197352915945	4.433917860842506	1.5224219368359364	1.9670076182112664	0.5571164975324655	2.41954	0.606284	5.195728	0.05023894
2.1304516187897655	0.6180408321333913	4.433917860842506	1.5224219368359364	2.655256	0.6659798	2.679323	0.6091545	5.194504	0.06456542
2.5280687022035826	0.6410933479036183	4.809181446166652	1.161808259529005	2.920341533648737	0.6458977054473423	2.939043	0.6127858	5.19309	0.08066803
2.7685277745119152	0.6991837608800685	4.809181446166652	1.161808259529005	3.012223	0.6370455	3.19869	0.6172666	5.19147	0.09854147
3.1464547567555736	0.6215345558025082	5.039570560809465	0.57486038972958	3.5609594006271608	0.48531147314797	3.458253	0.6226855	5.189627	0.1181798
3.398433284796047	0.6502775752889871	5.039570560809465	0.57486038972958	3.89365	0.311793	3.717722	0.6291305	5.187542	0.1395764
3.762853366857238	0.662524099970912	5.273139542353517	0.48025100079879124	4.197861665963084	0.6983106061393024	3.977082	0.6366893	5.185194	0.1627238
4.026510343974914	0.6865366500108515	5.273139542353517	0.48025100079879124	4.309346	0.5785637	4.236322	0.6454494	5.18256	0.187614
4.332795106524506	0.6867215766794578	5.227415593660489	0.3741811255576244	4.61908346906278	0.689510257356598	4.495424	0.6554977	5.179618	0.2142382
4.59416588620753	0.705430632957339	5.227415593660489	0.3741811255576244	4.351431	0.8991741	4.754374	0.6669207	5.17634	0.2425866
4.884327598330703	0.68803802343523	5.066323147315412	0.23492790277458486	5.209015019224715	0.665990268232458	5.013155	0.6798044	5.1727	0.2726487
5.137643755696474	0.6997844185739592	5.066323147315412	0.23492790277458486	5.518935	0.6482327	5.271746	0.6942343	5.168671	0.3044132
5.395195118410895	0.6938981345142676	5.2442718414417095	0.2075589959074075	5.22834508534848	0.6393615693497601	5.530128	0.7102953	5.164221	0.3378677
5.65740871048298	0.704276084309638	5.2442718414417095	0.2075589959074075	6.022003	0.7086193	5.788279	0.7280715	5.159319	0.3729989
5.904152476392978	0.6031970537356093	5.0913576684998425	-0.09050782472353097	5.893921121851646	0.3735840740610259	6.046176	0.7476465	5.153933	0.4097925
6.158720359817971	0.5986716624994327	5.0913576684998425	-0.09050782472353097	6.342486	0.9488326	6.303794	0.769103	5.148029	0.4482333
6.425589475424929	0.6634016660069173	5.05946867586717	0.07812689499859568	6.621337282788973	0.8361384153552216	6.561105	0.7925232	5.141571	0.4883049
6.678562909218288	0.6673080107568471	5.05946867586717	0.07812689499859568	6.782143	0.7140359	6.818081	0.8179882	5.134523	0.5299897
6.948326535345844	0.6502156168868757	4.891240266066234	0.010543902117987197	7.29121003958067	0.6307414915787904	7.074691	0.8455782	5.126847	0.5732691
7.192888548649155	0.6507428119927751	4.891240266066234	0.010543902117987197	7.13735	0.9572165	7.330903	0.8753725	5.118505	0.6181232
7.538029148124495	0.6920312414530971	5.214218898867463	0.11787908562025219	8.083490391140861	0.8196046916400342	7.586684	0.9074494	5.109456	0.6645307
7.798740093067868	0.6979251957341097	5.214218898867463	0.11787908562025219	7.805334	0.7191261	7.841995	0.9418861	5.099659	0.7124693
8.064068195210966	0.7471500342219795	5.002771685747522	0.1928180273324166	8.404530420842573	0.8845570696867328	8.0968	0.9787585	5.089074	0.7619151
8.314206779498342	0.7567909355886003	5.002771685747522	0.1928180273324166	8.247959	0.8403219	8.351056	1.018142	5.077658	0.8128429
8.568445869605178	0.9751907894866783	5.221996129083253	0.683302297382089	8.458582556539268	1.4111793030265927	8.604722	1.060109	5.065366	0.8652261
8.82954567605934	1.0093559043557827	5.221996129083253	0.683302297382089	8.746145	1.048576	8.857753	1.104732	5.052156	0.9190366
9.167372869563534	1.0538961641094031	5.257658611964843	0.6910061358970468	9.88089955719559	1.1418970076941986	9.110101	1.152082	5.037982	0.9742446
9.430255800161776	1.0884464709042554	5.257658611964843	0.6910061358970468	9.255788	1.049129	9.361717	1.202229	5.022799	1.030819
9.725160380588722	1.22576955104132	5.262469243650337	0.8910814776063948	10.101575367731337	1.5247396794349788	9.612549	1.255239	5.006562	1.088727
9.988283842771239	1.2703236249216399	5.262469243650337	0.8910814776063948	10.04839	1.445978	9.862544	1.311179	4.989224	1.147935
10.238210226129205	1.4128979712965977	4.9969552712963585	1.0425567921979202	10.537735712364395	1.725548765685883	10.11165	1.370112	4.970739	1.208405
10.488057989694022	1.4650258109064938	4.9969552712963585	1.0425567921979202	10.24922	1.459068	10.35979	1.432101	4.95106	1.270101
10.718028389667323	1.558536354809704	4.737203371600678	1.0871557387313888	10.908440479084648	1.7034253502479917	10.60693	1.497206	4.930142	1.332982
10.954888558247356	1.6128941417462734	4.737203371600678	1.0871557387313888	10.73126	1.452653	10.85299	1.565486	4.907936	1.397008
11.24413738517417	1.5962919018350747	4.917910415209601	0.9624932980640845	11.478259056945248	1.4287605143110478	11.0979	1.636997	4.884396	1.462135
11.490032905934651	1.644416566738279	4.917910415209601	0.9624932980640845	11.58696	1.614624	11.34161	1.711793	4.859477	1.528318
11.70560102185828	1.657016559082432	4.842094550959849	0.8953890559827979	11.476335361412675	1.539172472625801	11.58403	1.789925	4.833131	1.595511
11.947705749406273	1.7017860118815717	4.842094550959849	0.8953890559827979	11.77877	1.745907	11.82511	1.871443	4.805313	1.663664
12.196002636561131	1.858662148696801	4.985270970984787	1.123036188608124	12.135975302175439	2.1493683934095094	12.06475	1.956393	4.775977	1.732729
12.44526618511037	1.914813958127207	4.985270970984787	1.123036188608124	12.32259	1.783533	12.30289	2.04482	4.745079	1.802651
12.697838446641784	1.9265058390840486	5.092956293651733	1.058576728373921	12.545666508302665	1.7772785171021543	12.53944	2.136766	4.712575	1.873377
12.95248626132437	1.9794346755027445	5.092956293651733	1.058576728373921	12.59241	2.175092	12.77433	2.232269	4.678422	1.94485
13.207921046793752	2.193226319483836	5.1736591601876745	1.3554200648543624	13.219750895595478	2.664405035801157	13.00747	2.331365	4.642576	2.017013
13.466604004803136	2.260997322726554	5.1736591601876745	1.3554200648543624	13.08745	2.407081	13.23878	2.434087	4.604997	2.089806
13.559054186331384	2.5113088118836644	4.656075203772996	1.593705878015797	12.708725201440208	3.124387760310573	13.46816	2.540465	4.565645	2.163167
13.791857946520034	2.5909941057844543	4.656075203772996	1.593705878015797	13.83597	2.624793	13.69552	2.650527	4.52448	2.237032
13.99972220681926	2.690819910194956	4.60456393232788	1.6274121000021349	13.830230352173913	2.7389296768459386	13.92079	2.764295	4.481466	2.311336
14.229950403435655	2.7721905151950628	4.60456393232788	1.6274121000021349	14.21055	2.942051	14.14385	2.88179	4.436565	2.386012
14.493952579432865	2.8583540353461507	4.805923964074988	1.66213773629741	14.556834240372957	2.8702113699700598	14.36462	3.003029	4.389744	2.460991
14.734248777636614	2.941460922161021	4.805923964074988	1.66213773629741	14.46161	2.90734	14.583	3.128024	4.34097	2.536202
14.925907554072179	3.2494256681884925	4.769221234235682	2.040077338251547	14.67543976873178	3.960409548004564	14.7989	3.256787	4.290211	2.611572
15.164368615783962	3.3514295351010697	4.769221234235682	2.040077338251547	15.02608	3.506701	15.0122	3.389323	4.237439	2.687028
15.354472374641102	3.600484200826465	4.509638470994706	2.2195363336190996	15.368481314341512	4.147613013907612	15.22281	3.525634	4.182627	2.762494
15.579954298190836	3.71146101750742	4.509638470994706	2.2195363336190996	15.52355	3.829364	15.43063	3.665719	4.125748	2.837893
15.801235777621928	3.7328725990683354	4.471528314109341	2.076979485715977	15.723412347590568	3.410500296032314	15.63555	3.809572	4.066782	2.913146
16.024812193327396	3.836721573354134	4.471528314109341	2.076979485715977	15.97744	4.00094	15.83747	3.957185	4.005707	2.988174
16.224433863526066	3.9901337748683017	4.2585993178668184	2.101520035580825	16.33755409033327	4.216324639770347	16.03628	4.108544	3.942506	3.062895
16.437363829419407	4.0952097766473425	4.2585993178668184	2.101520035580825	16.33127	4.444992	16.23188	4.263631	3.877162	3.137226
16.65727152368237	4.262585356179711	4.286422657286854	2.1992312995185115	16.758648762091195	4.482307538228409	16.42415	4.422425	3.809664	3.211085
16.87159265654671	4.372546921155637	4.286422657286854	2.1992312995185115	16.60391	4.673437	16.61299	4.584899	3.740002	3.284385
17.006926488136244	4.595441008523508	3.861311663101152	2.2613484188856403	16.923558933816285	5.1011870627577505	16.79829	4.751025	3.668167	3.357042
17.1999920712913	4.70850842946779	3.861311663101152	2.2613484188856403	16.99546	5.210994	16.97995	4.920767	3.594156	3.428969
17.387689330990842	4.783891609587914	3.8244542230197487	2.200203784989469	17.34207311564993	4.646233384963769	17.15785	5.094087	3.517967	3.500079
17.57891204214183	4.893901798837388	3.8244542230197487	2.200203784989469	17.28942	5.435416	17.33188	5.270941	3.439602	3.570283
17.75248484634123	4.948845698804682	3.727041838315332	2.103529942065029	17.64625533425034	4.745973237107591	17.50193	5.451283	3.359066	3.639494
17.938836938256994	5.054022195907933	3.727041838315332	2.103529942065029	17.78529	5.624759	17.66791	5.635059	3.276367	3.707622
18.06020017493867	5.346391807406104	3.5105532269020814	2.318978228695266	17.921643559455127	6.071508019984875	17.82969	5.822214	3.191515	3.774579
18.235727836283775	5.462340718840868	3.5105532269020814	2.318978228695266	18.12629	6.169846	17.98717	6.012686	3.104526	3.840274
18.3438083784421	5.846251302112008	3.41201313897933	2.6951705923165683	18.124520912783865	6.790265248844135	18.14025	6.20641	3.015416	3.90462
18.51440903539107	5.981009831727836	3.41201313897933	2.6951705923165683	18.21643	6.661379	18.28881	6.403317	2.924208	3.967526
18.6138394830096	6.305984033907933	3.2224279900223625	2.923050134629928	18.402228294807774	7.022311838039965	18.43277	6.603332	2.830926	4.028904
18.77496088251072	6.4521365406394295	3.2224279900223625	2.923050134629928	18.54218	6.760131	18.572	6.806376	2.735598	4.088665
18.90548373853015	6.739805882631792	3.208144599797164	3.1279337158361895	18.80891479600127	7.24387615722166	18.70641	7.012367	2.638255	4.146722
19.06589096852001	6.896202568423601	3.208144599797164	3.1279337158361895	19.14412	7.183445	18.83591	7.221216	2.538932	4.202987
19.114131594552443	7.117960515978535	2.857589414804957	3.145605996392033	18.547945287726055	7.401204010829647	18.96038	7.432831	2.437668	4.257374
19.25701106529269	7.275240815798137	2.857589414804957	3.145605996392033	19.01375	7.8688	19.07975	7.647117	2.334504	4.309797
19.380981997892462	7.483868250161715	2.8270529621100255	3.2132398742332344	19.308906678577298	7.673748769173572	19.1939	7.863973	2.229486	4.360172
19.522334645997965	7.644530243873376	2.8270529621100255	3.2132398742332344	19.13202	8.128449	19.30276	8.083295	2.122663	4.408416
19.583954548057996	7.888201274193574	2.724521115161173	3.3379196800539837	19.023918021874188	8.17193541493755	19.40622	8.304973	2.014087	4.454448
19.720180603816054	8.055097258196273	2.724521115161173	3.3379196800539837	19.34701	8.307412	19.50422	8.528895	1.903813	4.498188
19.81042027147027	8.242250338143325	2.5120345771244628	3.3009236632383208	19.68428601796576	8.359019023487008	19.59665	8.754945	1.7919	4.539558
19.936022000326496	8.407296521305241	2.5120345771244628	3.3009236632383208	20.00388	8.890601	19.68345	8.983001	1.678411	4.578481
19.96081983730202	8.745040540126663	2.2336278118336477	3.4482453934818857	19.60608711469561	9.48659310812194	19.76453	9.212939	1.563411	4.614883
20.0725012278937	8.917452809800757	2.2336278118336477	3.4482453934818857	20.15738	9.459486	19.83982	9.444632	1.446969	4.648694
20.075281514478643	9.212660461140754	1.9169076784017196	3.5203417432799027	19.616255140278987	9.76606203395607	19.90925	9.677948	1.329157	4.679842
20.17112689839873	9.388677548304749	1.9169076784017196	3.5203417432799027	20.15731	9.908763	19.97276	9.912751	1.210049	4.708261
20.075554889740193	9.986034582687958	1.6806906674633595	4.086996831669541	19.19106177220982	11.549270411940617	20.03028	10.1489	1.089723	4.733887
20.15958942311336	10.190384424271436	1.6806906674633595	4.086996831669541	20.16601	10.46872	20.08175	10.38627	0.9682592	4.756658
20.135435139020284	10.46691203080616	1.3324270530103992	4.0795292202963305	19.677448695479395	10.802982524116949	20.12711	10.62469	0.8457419	4.776515
20.202056491670806	10.670888491820977	1.3324270530103992	4.0795292202963305	20.37105	11.01086	20.16633	10.86404	0.7222565	4.793403
20.109831427135944	11.170980635172054	1.0767168234342068	4.425037069783157	19.43346808213069	12.34018052044652	20.19934	11.10414	0.5978916	4.80727
20.163667268307655	11.392232488661211	1.0767168234342068	4.425037069783157	20.31642	11.34834	20.22612	11.34487	0.472738	4.818065
20.039093774430743	11.69745253406083	0.49466161426771926	4.314242150092085	19.20633734074525	12.241808318785864	20.24661	11.58605	0.3468889	4.825745
20.06382685514413	11.913164641565434	0.49466161426771926	4.314242150092085	20.61409	11.94215	20.2608	11.82754	0.2204395	4.830266
20.10476565532893	12.108434983694533	0.6497980942833155	4.375861063397304	19.965986223351326	11.968759976448894	20.26865	12.06917	0.09348704	4.83159
20.137255560043094	12.327228036864398	0.6497980942833155	4.375861063397304	20.32628	12.49663	20.27014	12.31078	-0.03386937	4.829682
20.111322560715337	12.50581496713627	0.26840295213450144	4.129115363190666	20.019246886190952	12.482249638752378	20.26525	12.55222	-0.161529	4.824512
20.124742708322064	12.712270735295803	0.26840295213450144	4.129115363190666	20.49803	12.89237	20.25398	12.79331	-0.2893896	4.816052
20.243186950400666	12.76191535551052	0.2862700920252377	3.8565729410684826	20.915129931378626	12.255508182758065	20.2363	13.03389	-0.4173476	4.804279
20.257500455001928	12.954744002563945	0.2862700920252377	3.8565729410684826	20.1943	13.16879	20.21223	13.27379	-0.5452981	4.789175
20.201340144196912	13.214934855782861	0.1346087450463383	3.892976576731078	19.857956565305113	13.523560618807293	20.18176	13.51286	-0.6731354	4.770724
20.208070581449228	13.409583684619415	0.1346087450463383	3.892976576731078	20.32453	13.88963	20.1449	13.75091	-0.8007527	4.748916
20.20673022761894	13.565790384242039	-0.060306108050593166	3.7136696106022664	20.338749458927776	13.53074350770737	20.10167	13.98779	-0.9280429	4.723745
20.20371492221641	13.751473864772152	-0.060306108050593166	3.7136696106022664	20.12156	14.33704	20.05208	14.22332	-1.054898	4.695207
20.10760896915312	14.01597543768798	-0.28030338809188426	3.726962093796857	19.67170193643352	14.403818317089314	19.99617	14.45734	-1.18121	4.663306
20.093593799748525	14.202323542377822	-0.28030338809188426	3.726962093796857	19.78097	14.77296	19.93395	14.68968	-1.306871	4.628048
20.092714954800456	14.310652777100364	-0.3363701618569102	3.5886528765914374	20.11489159882106	14.016496228736258	19.86547	14.92016	-1.431773	4.589443
20.07589644670761	14.490085420929935	-0.3363701618569102	3.5886528765914374	20.02083	15.2053	19.79076	15.14863	-1.555808	4.547507
19.96292259080802	14.724520220132174	-0.8977845960850519	3.2494675447576147	20.015748626278512	15.3442973923875	19.70988	15.37492	-1.678869	4.502259
19.91803336100377	14.886993597370054	-0.8977845960850519	3.2494675447576147	19.91309	15.55404	19.62287	15.59886	-1.800848	4.453722
19.873058188351045	15.0505637487383	-0.9344601723920315	3.2186559738840748	19.938763328684985	15.08637551853615	19.5298	15.82028	-1.921641	4.401925
19.826335179731444	15.211496547432503	-0.9344601723920315	3.2186559738840748	19.47484	16.00982	19.43071	16.03904	-2.041143	4.346899
19.670735457168092	15.504179681108548	-1.0791646119858596	3.3701009940995736	19.155634531997855	16.002226498276144	19.32569	16.25495	-2.159249	4.288681
19.6167772265688	15.672684730813527	-1.0791646119858596	3.3701009940995736	19.23803	16.27185	19.2148	16.46788	-2.275858	4.227312
19.49120268584896	15.905263805086694	-1.3460628408878605	3.274693598260115	19.400693783146	16.29616503247007	19.09812	16.67766	-2.39087	4.162835
19.423899543804566	16.0689984849997	-1.3460628408878605	3.274693598260115	19.00294	16.83874	18.97573	16.88413	-2.504184	4.0953
19.159912170738636	16.461760853865705	-1.9212115136990557	3.1312180841120196	18.837272066541555	17.71120589837669	18.84772	17.08715	-2.615706	4.024759
19.063851595053684	16.618321758071307	-1.9212115136990557	3.1312180841120196	18.61478	17.38315	18.71418	17.28656	-2.725339	3.951269
18.951400958911695	16.84552179126382	-1.812788878564246	3.332804234505751	18.81768340526854	17.03156528728881	18.57522	17.48223	-2.832993	3.874888
18.860761514983484	17.012162002989108	-1.812788878564246	3.332804234505751	18.10226	17.55294	18.43092	17.674	-2.938575	3.795682
18.684622091618227	17.234451713901574	-1.9878063229949494	3.3319842270666804	18.274904042263348	17.487735551035954	18.2814	17.86174	-3.042	3.713717
18.58523177546848	17.401050925254907	-1.9878063229949494	3.3319842270666804	18.20938	18.04608	18.12677	18.04531	-3.143182	3.629063
18.430203794971703	17.516591425187055	-2.3335913468237397	2.999692031153835	18.30205684736391	17.497989983465523	17.96714	18.22458	-3.24204	3.541796
18.313524227630516	17.666576026744746	-2.3335913468237397	2.999692031153835	17.90175	18.21826	17.80263	18.39943	-3.338496	3.451991
18.24103343870491	17.841385158871212	-2.3686487780938568	2.8989491909716683	18.855763994767972	18.136449892018877	17.63336	18.56972	-3.432473	3.359728
18.122600999800216	17.986332618419794	-2.3686487780938568	2.8989491909716683	17.3845	18.70391	17.45946	18.73533	-3.5239	3.265092
17.963685985998076	18.09143760225989	-2.5946022838685434	2.6601703938112107	17.794526835386705	18.08007809676447	17.28105	18.89616	-3.612708	3.168166
17.833955871804648	18.22444612195045	-2.5946022838685434	2.6601703938112107	17.1762	18.88634	17.09827	19.05208	-3.698831	3.06904
17.487194428180405	18.62547093401894	-2.9338550462529214	2.8263862751532063	16.939844134682804	19.731085841016263	16.91126	19.20299	-3.782209	2.967804
17.34050167586776	18.766790247776598	-2.9338550462529214	2.8263862751532063	16.57341	19.05196	16.72015	19.34878	-3.862783	2.864551
16.946749409618924	19.138926410087205	-3.392921215533978	2.8210491091720074	16.16743027030006	20.220125714134056	16.52509	19.48937	-3.940499	2.759375
16.777103348842225	19.279978865545804	-3.392921215533978	2.8210491091720074	16.23383	19.61705	16.32622	19.62465	-4.015308	2.652373
16.620669116161324	19.208847445815735	-3.611883122481682	2.403339236070724	16.436588676058136	18.274246822883768	16.12368	19.75453	-4.087163	2.543645
16.44007496003724	19.329014407619272	-3.611883122481682	2.403339236070724	15.92426	19.87029	15.91763	19.87894	-4.156022	2.433288
16.276993228432925	19.411555559292058	-3.577520075580987	2.3909913317219993	16.23279842762445	19.216629073201503	15.70822	19.99779	-4.221847	2.321406
16.098117224653876	19.53110512587816	-3.577520075580987	2.3909913317219993	15.43319	20.1836	15.49559	20.11101	-4.284605	2.2081
15.568230029488324	19.981265717462016	-4.075065349196751	2.576775052338586	14.367705889068974	21.340566337771186	15.27991	20.21853	-4.344266	2.093474
15.364476762028486	20.110104470078944	-4.075065349196751	2.576775052338586	15.20164	20.43853	15.06132	20.32029	-4.400804	1.977632
15.10939184047053	20.16879313962816	-4.305787007027405	2.3023011126139483	14.747647661112547	19.957082900015262	14.83999	20.41623	-4.454198	1.860679
14.89410249011916	20.283908195258856	-4.305787007027405	2.3023011126139483	14.66649	20.60881	14.61607	20.5063	-4.504432	1.742721
14.508945753859368	20.486016024738735	-4.64740862997812	2.148542099253274	13.840959682278893	21.003069125154784	14.38972	20.59044	-4.551492	1.623862
14.276575322360463	20.5934431297014	-4.64740862997812	2.148542099253274	14.05209	20.59237	14.1611	20.66863	-4.59537	1.504208
13.981563448452627	20.698313698050207	-4.8704456777644225	1.9002962763661797	13.823232828799926	20.85904580907737	13.93037	20.74081	-4.636061	1.383865
13.738041164564406	20.793328511868516	-4.8704456777644225	1.9002962763661797	13.46865	20.72533	13.69769	20.80697	-4.673567	1.262937
13.543235164802015	20.754624324780462	-5.03456973621364	1.4224171949365905	13.826258626023193	20.42609627762288	13.46322	20.86706	-4.707889	1.141531
13.291506677991332	20.825745184527293	-5.03456973621364	1.4224171949365905	13.10723	20.8294	13.22711	20.92108	-4.739038	1.019748
13.040315084612494	20.90933445231388	-5.104392996207797	1.2712216667179488	13.266907422565582	21.157879838572537	12.98953	20.96901	-4.767024	0.8976939
12.785095434802104	20.97289553564978	-5.104392996207797	1.2712216667179488	12.87291	21.05917	12.75063	21.01082	-4.791865	0.7754692
12.32683064850034	21.141299792500213	-5.4325607672248095	1.1723165811805725	11.517069572888602	21.672421852569766	12.51056	21.04653	-4.813579	0.6531754
12.0552026101391	21.199915621559242	-5.4325607672248095	1.1723165811805725	12.2062	21.11	12.26949	21.07612	-4.832191	0.5309122
11.86611389967381	21.17818704972989	-5.4615187463386725	0.8387114962211256	12.385850570537603	21.10656555704678	12.02757	21.09961	-4.847729	0.4087779
11.593037962356876	21.220122624540945	-5.4615187463386725	0.8387114962211256	11.68143	20.86511	11.78496	21.117	-4.860224	0.2868691
11.39345312372137	21.12645449538789	-5.488894539572254	0.4905487087469904	11.526454033869781	20.674806650730428	11.54179	21.1283	-4.869711	0.1652807
11.119008396742757	21.15098193082524	-5.488894539572254	0.4905487087469904	11.36299	21.06885	11.29823	21.13353	-4.876229	0.04410566
10.857777566659598	21.052347965281637	-5.573921970792534	0.18399785596146356	10.555801533376442	20.55672032641315	11.05441	21.13272	-4.879818	-0.07656505
10.579081468119972	21.06154785807971	-5.573921970792534	0.18399785596146356	10.89027	20.92695	10.81049	21.12589	-4.880526	-0.1966426
10.112978061567432	21.157707033721763	-5.816502150993295	0.2703938668050884	9.305350669329771	21.38961252674774	10.56661	21.11308	-4.878398	-0.3160405
9.822152954017767	21.171226727062017	-5.816502150993295	0.2703938668050884	10.18897	21.20896	10.32291	21.09432	-4.873488	-0.4346744
9.581429549254153	21.15084983107945	-5.842109081360123	-0.0029971358293900408	9.979577098451445	21.293157093267393	10.07952	21.06966	-4.86585	-0.5524629
9.289324095186148	21.15069997428798	-5.842109081360123	-0.0029971358293900408	9.996342	20.97967	9.83658	21.03913	-4.855539	-0.6693266
9.066467276194478	21.12397918294612	-5.761520647332028	-0.06405596157592258	9.38222672550734	21.111034167735028	9.594224	21.00278	-4.842616	-0.7851892
8.778391243827876	21.120776384867323	-5.761520647332028	-0.06405596157592258	9.539206	20.8762	9.352578	20.96067	-4.827144	-0.899977
8.692266142483817	21.007914343691084	-5.612073192265369	-0.45828519463388867	9.633917554251536	20.972370783742694	9.11177	20.91285	-4.809186	-1.013619
8.411662482870549	20.985000083959388	-5.612073192265369	-0.45828519463388867	8.70331	20.82208	8.87192	20.85938	-4.78881	-1.126048
8.501600952023205	20.72250310451883	-5.2604186672118765	-0.9338462652497488	9.846336291163146	20.008980129804804	8.633149	20.80033	-4.766084	-1.237197
8.238580018662612	20.675810791256342	-5.2604186672118765	-0.9338462652497488	8.222766	20.48388	8.395572	20.73575	-4.741079	-1.347006
8.050990522745721	20.564250696719284	-5.2177844627010215	-1.1878448104113055	8.296473295745155	20.49778156898662	8.159301	20.66572	-4.713869	-1.455416
7.7901012996106695	20.50485845619872	-5.2177844627010215	-1.1878448104113055	7.885988	20.44999	7.924445	20.59031	-4.684526	-1.562369
7.651513431911282	20.399914533885198	-5.1392172345774325	-1.5073419857777999	8.290807014780297	20.65654030255962	7.691106	20.50959	-4.653129	-1.667815
7.394552570182411	20.324547434596308	-5.1392172345774325	-1.5073419857777999	7.180292	20.39198	7.459388	20.42365	-4.619752	-1.771702
7.143221393272344	20.219517983026293	-5.155041498333505	-1.6138913691533114	7.09213932853651	20.11960359312841	7.229386	20.33255	-4.584476	-1.873985
6.8854693183556686	20.138823414568627	-5.155041498333505	-1.6138913691533114	6.815424	20.18591	7.001193	20.23638	-4.547379	-1.97462
6.670350109183754	20.04522916277005	-5.121270638899712	-1.7241727629717143	6.893589017465256	20.153589071408156	6.774898	20.13522	-4.508543	-2.073567
6.414286577238768	19.95902052462146	-5.121270638899712	-1.7241727629717143	6.38914	20.01365	6.550586	20.02916	-4.468049	-2.170789
6.230489600967397	19.87238926615509	-5.057571527172473	-1.8913163648033489	6.676368681278167	20.214181524557162	6.328338	19.91829	-4.425978	-2.266252
5.977611024608773	19.777823447914923	-5.057571527172473	-1.8913163648033489	5.861189	19.8306	6.10823	19.80269	-4.382413	-2.359926
5.66158786849796	19.634737364744712	-5.1915432493450435	-2.2009661492321686	5.281775376886753	19.503644657781603	5.890335	19.68245	-4.337438	-2.451782
5.402010706030707	19.524689057283105	-5.1915432493450435	-2.2009661492321686	5.690891	19.57551	5.674721	19.55767	-4.291136	-2.541796
5.339632017325754	19.304546901956677	-4.9837059952145895	-2.455423162331729	5.95059821172952	18.98591774138299	5.461452	19.42844	-4.24359	-2.629947
5.090446717565024	19.18177574384009	-4.9837059952145895	-2.455423162331729	5.170214	19.43968	5.250589	19.29485	-4.194883	-2.716216
5.055895485916501	19.0450987974023	-4.682659157096575	-2.465112949408208	5.87397217250465	19.30099185061589	5.042187	19.157	-4.1451	-2.800587
4.821762528061672	18.921843149931888	-4.682659157096575	-2.465112949408208	4.891493	18.98201	4.836298	19.01497	-4.094322	-2.883047
4.446170061359743	18.82129828562473	-4.882422703704331	-2.6565338343337546	3.986789856190024	19.045200440076247	4.632969	18.86888	-4.042634	-2.963587
4.202048926174526	18.688471593908044	-4.882422703704331	-2.6565338343337546	4.4685	18.83396	4.432244	18.7188	-3.990117	-3.042199
4.13321846608728	18.511089460175544	-4.650201664172405	-2.7212279674694053	4.692454612359586	18.463357273620236	4.234162	18.56485	-3.936854	-3.118879
3.9007083828786597	18.375028061802073	-4.650201664172405	-2.7212279674694053	4.26269	18.48096	4.038758	18.40711	-3.882925	-3.193624
3.5783482159646254	18.25662633288915	-4.789083158809536	-3.1389191373101095	3.4243344962437203	18.835677593180325	3.846064	18.24569	-3.828411	-3.266436
3.3388940580241484	18.099680376023645	-4.789083158809536	-3.1389191373101095	3.459187	18.16698	3.656107	18.08067	-3.773392	-3.337317
3.3976719835066413	17.899404732793762	-4.365215983804261	-3.137373292145948	4.301098407573177	17.926745737538965	3.468909	17.91216	-3.717946	-3.406272
3.1794111843164283	17.742536068186464	-4.365215983804261	-3.137373292145948	3.12525	17.74933	3.284491	17.74025	-3.662152	-3.47331
2.8778570453108543	17.591743893949772	-4.481693239222871	-3.4033802455373885	2.656638217729879	17.888010641326133	3.102868	17.56504	-3.606085	-3.538439
2.6537723833497107	17.421574881672903	-4.481693239222871	-3.4033802455373885	2.944902	17.81537	2.924051	17.38662	-3.549823	-3.601673
2.6389244716686706	17.165422311392064	-4.244312960951405	-3.7537748876852337	3.2664679228640625	17.0897400828977	2.748048	17.20508	-3.493438	-3.663024
2.4267088236211003	16.977733567007803	-4.244312960951405	-3.7537748876852337	2.55407	17.08533	2.574864	17.02053	-3.437004	-3.722509
2.292708632672051	16.81689023091964	-4.114778888374705	-3.539702840283583	2.550392103696915	16.888352037513915	2.404499	16.83304	-3.380593	-3.780145
2.0869696882533155	16.63990508890546	-4.114778888374705	-3.539702840283583	2.253706	16.83344	2.23695	16.64273	-3.324275	-3.835952
1.8285632679469674	16.430443254029136	-4.200573412844276	-3.5420238070310925	1.577346903107153	16.048872333820164	2.072212	16.44966	-3.268118	-3.88995
1.6185345973047536	16.253342063677582	-4.200573412844276	-3.5420238070310925	1.889717	16.10539	1.910273	16.25395	-3.212192	-3.942161
1.4862655082707015	16.079269512092832	-4.087322762993802	-3.5948722300209366	1.7436254327363188	16.268668615959793	1.751122	16.05566	-3.15656	-3.99261
1.2818993701210113	15.899525900591785	-4.087322762993802	-3.5948722300209366	1.447453	16.08532	1.594741	15.8549	-3.101288	-4.041322
1.2255170487008977	15.638083664893545	-3.904189074065663	-4.01790188113354	1.6097035838698919	15.552609303527703	1.441111	15.65174	-3.046439	-4.088322
1.0303075949976146	15.437188570836868	-3.904189074065663	-4.01790188113354	1.18395	15.4284	1.290209	15.44628	-2.992073	-4.133638
0.8202559747780801	15.263050525708007	-3.9172860124846114	-4.02280928827534	0.8289931032765911	15.528007034037557	1.14201	15.23859	-2.93825	-4.177299
0.6243916741538496	15.06191006129424	-3.9172860124846114	-4.02280928827534	0.7227056	15.00752	0.9964857	15.02876	-2.885028	-4.219333
0.5848399838456453	14.88713066236045	-3.6743907500485955	-3.971591597476514	1.0314669991349037	15.21339339700698	0.8536038	14.81686	-2.832463	-4.25977
0.40112044634321553	14.688551082486624	-3.6743907500485955	-3.971591597476514	0.7373005	14.70472	0.7133303	14.60299	-2.78061	-4.298641
0.37331477092154086	14.413380208324098	-3.4530586181627116	-4.331286634833317	0.722177349353021	14.24449502299683	0.5756284	14.3872	-2.729522	-4.335977
0.20066184001340526	14.196815876582432	-3.4530586181627116	-4.331286634833317	0.2534352	14.20285	0.4404586	14.16959	-2.679249	-4.37181
0.025648071008378168	13.936068117196477	-3.4353949744713717	-4.676354569294729	-0.03280253560275731	13.960441462362787	0.3077789	13.95022	-2.629841	-4.406172
-0.1461216777151904	13.702250388731741	-3.4353949744713717	-4.676354569294729	0.459172	13.68556	0.177545	13.72916	-2.581347	-4.439094
-0.20933731490472	13.455075312259652	-3.2609325891403733	-4.864305323307502	0.05244170697793612	13.637709172125254	0.04970987	13.5065	-2.533811	-4.47061
-0.37238394436173866	13.211860046094277	-3.2609325891403733	-4.864305323307502	-0.1903443	13.28556	-0.07577534	13.28229	-2.487279	-4.500752
-0.462328218282606	12.999585204282894	-3.148635311190905	-4.719698810057422	-0.27504226086387235	13.145622997969282	-0.1989619	13.05661	-2.441793	-4.529552
-0.6197599838421513	12.763600263780024	-3.148635311190905	-4.719698810057422	0.04623085	12.93011	-0.3199031	12.82952	-2.397395	-4.557043
-0.7491867207875282	12.522315659879215	-3.1180798644259937	-4.636647220678648	-0.6847921096822107	12.356338853257341	-0.4386543	12.60108	-2.354123	-4.583257
-0.9050907140088279	12.290483298845283	-3.1180798644259937	-4.636647220678648	-0.4764816	12.36331	-0.5552727	12.37136	-2.312016	-4.608226
-1.035848935594179	12.097225126687814	-3.058118496385172	-4.647732587726128	-0.9721218469747391	12.520708386778058	-0.6698175	12.14043	-2.27111	-4.631982
-1.1887548604134375	11.864838497301507	-3.058118496385172	-4.647732587726128	-0.582624	12.03858	-0.7823495	11.90833	-2.23144	-4.654556
-1.3140009482736419	11.622874945558499	-3.0004664372114904	-4.737752601034909	-1.2675723687158622	11.649511237943335	-0.8929313	11.67513	-2.193038	-4.675979
-1.4640242701342165	11.385987315506753	-3.0004664372114904	-4.737752601034909	-1.172116	11.39876	-1.001627	11.44089	-2.155937	-4.696281
-1.3788701625326865	11.146802834919093	-2.62275025334333	-4.644695972591199	-0.8914414916086787	10.958993348074378	-1.108503	11.20565	-2.120166	-4.715491
-1.510007675199853	10.914568036289532	-2.62275025334333	-4.644695972591199	-1.392886	11.04239	-1.213625	10.96948	-2.085754	-4.733638
-1.5177963119973124	10.673645164138021	-2.3721506100277723	-4.890710985917491	-1.2989422512261355	10.901204477046543	-1.317063	10.73243	-2.052728	-4.750751
-1.636403842498701	10.429109614842146	-2.3721506100277723	-4.890710985917491	-1.496867	10.41982	-1.418886	10.49454	-2.021113	-4.766857
-1.696000041720657	10.152070020595614	-2.248962907167242	-5.055280500759106	-1.592934562387853	10.021196107254374	-1.519166	10.25587	-1.990935	-4.781982
-1.8084481870790192	9.89930599555766	-2.248962907167242	-5.055280500759106	-1.618749	10.23736	-1.617975	10.01647	-1.962215	-4.79615
-1.8051864223516998	9.696458760848694	-2.046549587396127	-4.921138200576047	-1.5970147832219859	9.965537377295336	-1.715386	9.776375	-1.934975	-4.809388
-1.9075139017215061	9.450401850819892	-2.046549587396127	-4.921138200576047	-1.733813	9.71347	-1.811474	9.535641	-1.909235	-4.821717
-2.0842977837042014	9.196612828745936	-2.138927584240946	-5.061470773931115	-2.2719117505791573	9.373161018700166	-1.906314	9.29431	-1.885015	-4.83316
-2.1912441629162487	8.94353929004938	-2.138927584240946	-5.061470773931115	-1.938328	8.770285	-1.999983	9.052426	-1.862331	-4.843738
-2.1637959333554218	8.757598541762063	-1.8883715144032969	-4.91376611295146	-1.9656548758171135	9.132735997076965	-2.092558	8.810032	-1.841199	-4.853471
-2.2582145090755867	8.51191023611449	-1.8883715144032969	-4.91376611295146	-2.176802	8.541096	-2.184116	8.567169	-1.821636	-4.862378
-2.461616912773486	8.23580210615298	-2.0752061241148185	-5.017287550819762	-2.6586250212749474	8.194773607657918	-2.274737	8.323878	-1.803653	-4.870475
-2.565377218979227	7.984937728611992	-2.0752061241148185	-5.017287550819762	-2.218754	8.153395	-2.3645	8.080199	-1.787265	-4.877779
-2.4787496896464773	7.835124051609803	-1.6697244653291659	-4.918996852967011	-2.2729980362737225	8.523151008528759	-2.453484	7.836172	-1.772481	-4.884304
-2.5622359129129357	7.5891742089614525	-1.6697244653291659	-4.918996852967011	-2.596742	7.602881	-2.541771	7.591835	-1.759313	-4.890064
-2.8183733226713272	7.336832112341723	-2.070713361284304	-4.820236748155426	-3.0825648829640198	7.388735577282017	-2.629442	7.347226	-1.747769	-4.895069
-2.921908990735542	7.095820274933952	-2.070713361284304	-4.820236748155426	-2.798651	7.064004	-2.716576	7.102382	-1.737856	-4.899332
-2.897934681198248	6.890986295769436	-1.7398662162690122	-4.923617419746539	-2.7941163987919873	7.208175611805438	-2.803258	6.857341	-1.729583	-4.902861
-2.9849279920116984	6.64480542478211	-1.7398662162690122	-4.923617419746539	-2.746508	6.868668	-2.889567	6.612138	-1.722953	-4.905662
-2.901125313996741	6.45840749495092	-1.4544922008983665	-4.65147978848206	-2.5767254436134746	6.367547918613879	-2.975588	6.36681	-1.717972	-4.907743
-2.973849924041659	6.225833505526817	-1.4544922008983665	-4.65147978848206	-2.902166	6.229886	-3.061402	6.121393	-1.714642	-4.909108
-3.1788238978478773	5.956542372453644	-1.6795168509767833	-4.814910848927204	-3.5017234936949437	6.10795678318903	-3.147091	5.875923	-1.712966	-4.90976
-3.2627997403967166	5.7157968300072834	-1.6795168509767833	-4.814910848927204	-3.177805	5.531013	-3.23274	5.630435	-1.712946	-4.909701
-3.345410015005409	5.457752944850055	-1.752658438053579	-4.742429138718829	-3.1973560300024397	5.190926143598177	-3.318429	5.384965	-1.71458	-4.90893
-3.433042936908088	5.220631487914114	-1.752658438053579	-4.742429138718829	-3.430309	5.10507	-3.404243	5.139548	-1.717867	-4.907446
-3.481595449277049	4.973620116725823	-1.6023223146039312	-4.845240704677496	-3.428097130486887	4.946440993910326	-3.490264	4.89422	-1.722807	-4.905246
-3.5617115650072453	4.7313580814919485	-1.6023223146039312	-4.845240704677496	-3.694351	4.521963	-3.576574	4.649018	-1.729394	-4.902326
-3.670901301040352	4.459083192930473	-1.7989205726053117	-4.778069982842346	-3.505010679809313	4.176430720831324	-3.663255	4.403976	-1.737625	-4.898679
-3.7608473296706175	4.220179693788356	-1.7989205726053117	-4.778069982842346	-4.002383	4.046836	-3.75039	4.159132	-1.747494	-4.8943
-3.8756375861276644	3.9727147201148525	-1.7705536847738401	-4.882508492920234	-4.0644708333762445	4.109768765616238	-3.83806	3.914523	-1.758994	-4.889177
-3.9641652703663564	3.728589295468841	-1.7705536847738401	-4.882508492920234	-3.880532	3.751771	-3.926347	3.670186	-1.772118	-4.883302
-4.048230784292436	3.5681013428444563	-1.7855819379744269	-4.656771649628234	-4.237290082419605	3.888780965926527	-4.015331	3.426159	-1.786856	-4.876663
-4.137509881191157	3.3352627603630447	-1.7855819379744269	-4.656771649628234	-4.151192	3.219682	-4.105094	3.18248	-1.803198	-4.869246
-4.294359890877115	3.0353561547595787	-2.0463204970222852	-4.768197303117067	-4.274673309609245	2.8818714780300922	-4.195715	2.939189	-1.821133	-4.861036
-4.396675915728229	2.796946289603725	-2.0463204970222852	-4.768197303117067	-4.324508	2.550338	-4.287274	2.696326	-1.840648	-4.852019
-4.4891276098381665	2.5191800388490937	-1.9870281370300686	-4.8791091087945455	-4.384805500837925	2.3998880568529604	-4.379848	2.453932	-1.86173	-4.842177
-4.58847901668967	2.2752245834093663	-1.9870281370300686	-4.8791091087945455	-4.61223	2.091916	-4.473517	2.212048	-1.884364	-4.831491
-4.667005767411083	2.049581935863677	-2.152050963585689	-4.735432375677251	-4.292574823069454	1.9285403710991509	-4.568357	1.970717	-1.908533	-4.819942
-4.774608315590367	1.8128103170798144	-2.152050963585689	-4.735432375677251	-4.868289	1.534418	-4.664445	1.729983	-1.934219	-4.807509
-4.928706406307996	1.5206484364004773	-2.3499742957097745	-4.868066470092465	-4.981645759058257	1.4361063040325	-4.761856	1.489891	-1.961404	-4.794169
-5.046205121093485	1.277245112895854	-2.3499742957097745	-4.868066470092465	-4.667788	1.286427	-4.860665	1.250487	-1.990068	-4.779901
-5.116862535100227	1.0717957850425588	-2.1718962336124608	-4.7729198125847585	-4.985940488763249	1.1089375374836492	-4.960945	1.011817	-2.02019	-4.764679
-5.22545734678085	0.8331497944133208	-2.1718962336124608	-4.7729198125847585	-4.854981	0.8256615	-5.062768	0.7739301	-2.051745	-4.748478
-5.3094068364449525	0.44828428767013506	-2.2435849584530327	-5.137846957159589	-4.847362536411018	0.18101019219907358	-5.166206	0.5368762	-2.084711	-4.731272
-5.421586084367604	0.19139193981215563	-2.2435849584530327	-5.137846957159589	-5.123096	0.2573111	-5.271329	0.300706	-2.119061	-4.713034
-5.54908221927358	-0.12993497664985584	-2.013960066572434	-5.300265608058304	-5.99808753774564	-0.29076488216676044	-5.378204	0.0654719	-2.154769	-4.693737
-5.649780222602201	-0.39494825705277103	-2.013960066572434	-5.300265608058304	-5.299723	-0.2129817	-5.4869	-0.1687723	-2.191805	-4.67335
-5.721034368709088	-0.47093462026960986	-1.9620432698295605	-4.80779378236214	-5.644467110479464	-0.1445223277026898	-5.597482	-0.4019714	-2.230141	-4.651846
-5.819136532200566	-0.7113243093877168	-1.9620432698295605	-4.80779378236214	-5.853586	-0.4458011	-5.710014	-0.6340686	-2.269743	-4.629193
-5.895668018058265	-0.8982008169337468	-2.2306299220723784	-4.713810197118658	-5.309473809450606	-0.724467715182726	-5.824559	-0.8650057	-2.310579	-4.605362
-6.007199514161884	-1.1338913267896797	-2.2306299220723784	-4.713810197118658	-5.878354	-1.26863	-5.941177	-1.094723	-2.352615	-4.580321
-6.070125092095987	-1.44398102573837	-2.18860188741501	-4.915902084535562	-5.680694147364052	-1.5287104759789567	-6.059928	-1.323159	-2.395814	-4.554039
-6.179555186466738	-1.6897761299651481	-2.18860188741501	-4.915902084535562	-6.272635	-1.509379	-6.180869	-1.55025	-2.440139	-4.526483
-6.314554051558336	-1.9069451452612698	-2.5056370815012494	-4.917343006867086	-6.113554054119247	-1.7596579869105582	-6.304056	-1.775933	-2.485549	-4.497621
-6.439835905633398	-2.1528122956046243	-2.5056370815012494	-4.917343006867086	-6.34007	-2.136847	-6.429541	-2.000141	-2.532004	-4.467422
-6.60896657682315	-2.3059313695203922	-2.507818176967451	-4.6576260561300025	-6.993440064590702	-2.1744530177629957	-6.557376	-2.222807	-2.579462	-4.435853
-6.734357485671523	-2.5388126723268925	-2.507818176967451	-4.6576260561300025	-6.792876	-2.445797	-6.68761	-2.44386	-2.627877	-4.402881
-6.906603757638853	-2.7317092268702066	-2.6445782233030246	-4.57480915273274	-7.144076485655169	-2.675842866685166	-6.82029	-2.663229	-2.677204	-4.368474
-7.0388326688040035	-2.9604496845068438	-2.6445782233030246	-4.57480915273274	-6.800298	-3.100863	-6.95546	-2.880843	-2.727396	-4.3326
-7.160065404980836	-3.196274106509153	-2.5885075767588877	-4.575710975147729	-7.139365903303282	-3.2202787785903744	-7.093162	-3.096627	-2.778402	-4.295227
-7.28949078381878	-3.4250596552665393	-2.5885075767588877	-4.575710975147729	-7.121178	-3.264337	-7.233435	-3.310505	-2.830171	-4.256323
-7.4379889283295055	-3.749089393394263	-2.5758025820449015	-4.76038213541134	-7.771862328923773	-4.089994597065448	-7.376317	-3.522399	-2.882652	-4.215858
-7.56677905743175	-3.98710850016483	-2.5758025820449015	-4.76038213541134	-7.490093	-3.490813	-7.521842	-3.732231	-2.935789	-4.1738
-7.703263606604433	-4.147727734383952	-2.66980515367604	-4.636407366518451	-7.523927228028239	-3.8821285587315755	-7.67004	-3.93992	-2.989527	-4.130121
-7.8367538642882355	-4.379548102709874	-2.66980515367604	-4.636407366518451	-7.880489	-4.297826	-7.820942	-4.145385	-3.043807	-4.08479
-7.9885022004854225	-4.595241981611828	-2.706335682159445	-4.601334676936893	-8.085242414826311	-4.578344260753838	-7.974572	-4.348541	-3.09857	-4.03778
-8.123818984593395	-4.8253087154586725	-2.706335682159445	-4.601334676936893	-8.224922	-4.798125	-8.130953	-4.549304	-3.153756	-3.989064
-8.272339501678548	-5.002012707003312	-2.6014596078174765	-4.411851022615329	-8.453001266462039	-4.956205821166043	-8.290105	-4.747588	-3.209302	-3.938615
-8.402412482069423	-5.222605258134078	-2.6014596078174765	-4.411851022615329	-8.335522	-5.105899	-8.452043	-4.943306	-3.265143	-3.886408
-8.574805004498147	-5.276236818616491	-2.675300982494246	-4.079260767594206	-8.550623515106148	-4.792475923277527	-8.616782	-5.136369	-3.321214	-3.83242
-8.708570053622859	-5.480199856996201	-2.675300982494246	-4.079260767594206	-8.914773	-5.517524	-8.78433	-5.326687	-3.377447	-3.776628
-8.879599160217605	-5.682002143870828	-2.805920515996548	-4.113348499147777	-9.041146800465096	-5.693635650973792	-8.954695	-5.514169	-3.433775	-3.719011
-9.019895186017433	-5.887669568828216	-2.805920515996548	-4.113348499147777	-9.033911	-5.802665	-9.127879	-5.698724	-3.490125	-3.659551
-9.164695180315281	-5.952777551707607	-2.8325219954124523	-3.8642761666130587	-8.868968742431475	-5.419733505281738	-9.303882	-5.880259	-3.546428	-3.598229
-9.306321280085903	-6.14599136003826	-2.8325219954124523	-3.8642761666130587	-9.308113	-5.82368	-9.482699	-6.05868	-3.60261	-3.535029
-9.501644774793535	-6.339179199951946	-2.972134895526672	-3.8885363423793406	-9.80646048107616	-6.411739863250189	-9.664322	-6.233892	-3.658598	-3.469939
-9.650251519569869	-6.533606017070913	-2.972134895526672	-3.8885363423793406	-9.625472	-6.559576	-9.848741	-6.405802	-3.714314	-3.402945
-9.96812509946368	-6.595654493509948	-3.3825165697242308	-3.695342319453814	-10.668827423007029	-6.355433749209664	-10.03594	-6.574313	-3.769685	-3.334038
-10.137250927949893	-6.780421609482639	-3.3825165697242308	-3.695342319453814	-10.22458	-6.834023	-10.2259	-6.739329	-3.82463	-3.263211
-10.322237227260365	-6.923153905939578	-3.487602997837329	-3.6746231622687	-10.22045831592877	-6.710441350817582	-10.41859	-6.900754	-3.879073	-3.190457
-10.496617377152232	-7.106885064053013	-3.487602997837329	-3.6746231622687	-10.76162	-7.291586	-10.61399	-7.058492	-3.932934	-3.115774
-10.741189153898858	-7.181996281924531	-3.6612504407120707	-3.516312899963739	-10.894365076131622	-6.833353817567448	-10.81208	-7.212446	-3.986131	-3.03916
-10.924251675934462	-7.357811926922718	-3.6612504407120707	-3.516312899963739	-11.22191	-7.569794	-11.0128	-7.362519	-4.038585	-2.960619
-11.09783874168405	-7.503563027590349	-3.6289566491307585	-3.454160199171064	-10.986008656322968	-7.370704447554303	-11.21613	-7.508615	-4.090214	-2.880154
-11.279286574140588	-7.6762710375489025	-3.6289566491307585	-3.454160199171064	-11.09344	-7.677602	-11.42202	-7.650638	-4.140935	-2.797773
-11.479534660653997	-7.770406704308834	-3.663489320598637	-3.3253215747110785	-11.421325207028303	-7.460852201846642	-11.63042	-7.788492	-4.190665	-2.713485
-11.662709126683929	-7.936672783044388	-3.663489320598637	-3.3253215747110785	-11.52688	-7.821504	-11.84128	-7.922082	-4.239323	-2.627303
-11.853146059198265	-8.038318395315532	-3.547563330877243	-3.132952919419963	-11.942205735759824	-7.883169898992737	-12.05455	-8.051314	-4.286824	-2.539242
-12.030524225742127	-8.19496604128653	-3.547563330877243	-3.132952919419963	-12.09003	-8.088283	-12.27017	-8.176094	-4.333085	-2.449321
-12.293555833520928	-8.288134343377163	-3.879026873074902	-3.150722459662092	-12.446233097132477	-8.021167182663886	-12.48806	-8.296329	-4.378023	-2.357561
-12.487507177174674	-8.445670466360268	-3.879026873074902	-3.150722459662092	-12.4231	-8.259904	-12.70817	-8.411929	-4.421555	-2.263987
-12.689685704859377	-8.502844268170165	-3.735159456907981	-2.8898674769433264	-12.746138596431233	-8.19448979135773	-12.93042	-8.522802	-4.463597	-2.168626
-12.876443677704776	-8.64733764201733	-3.735159456907981	-2.8898674769433264	-13.29111	-8.645942	-13.15473	-8.628861	-4.504069	-2.071509
-13.19971767370391	-8.689745735844895	-4.0222928459918705	-2.7684505312354277	-13.792890741161495	-8.471581200418344	-13.38102	-8.730018	-4.542886	-1.972669
-13.400832316003504	-8.828168262406667	-4.0222928459918705	-2.7684505312354277	-13.38401	-8.575829	-13.60922	-8.826188	-4.579969	-1.872143
-13.616780778330652	-8.813364848500084	-3.8641888331156764	-2.42375068807402	-13.637566913764338	-8.26343448969617	-13.83922	-8.917288	-4.615237	-1.769971
-13.809990219986435	-8.934552382903785	-3.8641888331156764	-2.42375068807402	-13.99591	-8.992638	-14.07094	-9.003236	-4.64861	-1.666195
-14.112398966532377	-8.993509065416271	-4.205465045397152	-2.434438315386005	-14.473697800244564	-8.795519826115779	-14.30428	-9.083954	-4.68001	-1.560863
-14.322672218802234	-9.11523098118557	-4.205465045397152	-2.434438315386005	-14.42726	-9.187501	-14.53913	-9.159364	-4.70936	-1.454024
-14.52038023902244	-9.240412428796457	-4.0916355815767185	-2.376416500419538	-14.57572267057536	-9.326335374764062	-14.7754	-9.229392	-4.736584	-1.345729
-14.724962018101277	-9.359233253817434	-4.0916355815767185	-2.376416500419538	-15.06203	-9.043962	-15.01298	-9.293968	-4.761607	-1.236035
-15.004943196456955	-9.475497806531177	-4.142639490702653	-2.336458434411857	-15.618871020410875	-9.693647747255385	-15.25175	-9.353023	-4.784356	-1.125
-15.212075170992087	-9.592320728251769	-4.142639490702653	-2.336458434411857	-15.66822	-9.567493	-15.4916	-9.406491	-4.804762	-1.012687
-15.480861945129913	-9.600491031837526	-4.049737764729766	-2.0774415343868378	-15.938149951102957	-9.35751179022804	-15.73241	-9.45431	-4.822755	-0.8991588
-15.683348833366402	-9.704363108556867	-4.049737764729766	-2.0774415343868378	-16.08623	-9.598186	-15.97406	-9.49642	-4.838268	-0.7844842
-16.02367049162353	-9.583865050911017	-4.171399697141774	-1.7192366082575972	-16.603268408537033	-8.85459297371574	-16.21641	-9.532767	-4.851237	-0.6687336
-16.23224047648062	-9.669826881323896	-4.171399697141774	-1.7192366082575972	-16.42286	-9.370292	-16.45935	-9.563299	-4.861599	-0.5519803
-16.398076865672984	-9.695110287735117	-4.074471585693635	-1.604070597561699	-16.010999021874163	-9.33486178700277	-16.70274	-9.587966	-4.869295	-0.4343005
-16.601800444957664	-9.775313817613203	-4.074471585693635	-1.604070597561699	-17.11319	-9.430434	-16.94644	-9.606726	-4.874268	-0.3157729
-16.77178439736332	-10.054398818665605	-4.0722898793784825	-1.9221156197392069	-16.9255428749986	-10.857115929057038	-17.19033	-9.619537	-4.876462	-0.1964789
-16.975398891332244	-10.150504599652566	-4.0722898793784825	-1.9221156197392069	-17.5448	-9.574848	-17.43425	-9.626363	-4.875828	-0.07650244
-17.32804508013417	-10.030165239783821	-4.130057367763443	-1.5622149786600321	-18.137079688558465	-9.391464013655167	-17.67806	-9.627173	-4.872316	0.04407027
-17.53454794852234	-10.108275988716823	-4.130057367763443	-1.5622149786600321	-17.97244	-9.422985	-17.92162	-9.621939	-4.865881	0.1651507
-17.83965554236725	-9.970027712404347	-4.117727895306528	-1.2015825255471169	-18.308264248474163	-9.187776431593381	-18.16479	-9.610638	-4.856481	0.2866482
-18.045541937132576	-10.030106838681704	-4.117727895306528	-1.2015825255471169	-18.27625	-9.609973	-18.40741	-9.593251	-4.844078	0.4084701
-18.28093260148009	-10.004676049701466	-4.213252902597505	-1.1119010085686087	-18.24430434267154	-9.585467449549673	-18.64933	-9.569766	-4.828636	0.5305216
-18.491595246609965	-10.060271100129896	-4.213252902597505	-1.1119010085686087	-18.95448	-9.515445	-18.89039	-9.540172	-4.810124	0.6527066
-18.74708647601171	-9.929732446135825	-4.288502836632042	-0.8620250535228738	-18.6982953012538	-9.028862375294578	-19.13046	-9.504465	-4.788514	0.7749269
-18.96151161784331	-9.972833698811968	-4.288502836632042	-0.8620250535228738	-19.2983	-9.098652	-19.36936	-9.462647	-4.763781	0.8970831
-19.258331386116573	-9.769707921950946	-4.176347279804251	-0.44791781480107523	-19.703667329044542	-8.799061437360388	-19.60694	-9.414724	-4.735906	1.019074
-19.467148750106787	-9.792103812691	-4.176347279804251	-0.44791781480107523	-19.87313	-8.964172	-19.84305	-9.360706	-4.704871	1.140799
-19.829279469555715	-9.413063248791762	-4.260703824220351	0.12179917751808184	-20.381457268055158	-7.6754934839944635	-20.07752	-9.300609	-4.670665	1.262153
-20.04231466076673	-9.406973289915857	-4.260703824220351	0.12179917751808184	-20.16074	-9.596632	-20.31021	-9.234455	-4.63328	1.383034
-20.263828222221086	-9.452232901221132	-4.244642117979466	0.05843479067567832	-20.458733773848834	-9.744800324828471	-20.54093	-9.16227	-4.592709	1.503337
-20.47606032812006	-9.449311161687348	-4.244642117979466	0.05843479067567832	-20.65956	-8.915274	-20.76955	-9.084085	-4.548955	1.622957
-20.813421526447144	-9.221264545925859	-4.235994902914615	0.39515115423502817	-21.556767583644238	-8.500498689038476	-20.9959	-8.999938	-4.50202	1.741788
-21.025221271592873	-9.201506988214108	-4.235994902914615	0.39515115423502817	-21.01954	-8.850815	-21.21982	-8.909871	-4.451913	1.859725
-21.31155039932182	-9.039400192486577	-4.145211293905076	0.6353860310610695	-21.862797116965066	-8.641290760674822	-21.44115	-8.813932	-4.398646	1.976663
-21.518810964017074	-9.007630890933523	-4.145211293905076	0.6353860310610695	-21.50286	-8.871913	-21.65974	-8.712172	-4.342235	2.092496
-21.749569057046653	-8.706629117958098	-3.8526668958608945	1.0698525319070795	-21.951444014273576	-7.412740022138422	-21.87542	-8.604651	-4.282703	2.20712
-21.942202401839698	-8.653136491362744	-3.8526668958608945	1.0698525319070795	-21.97934	-8.570888	-22.08805	-8.491431	-4.220073	2.32043
-22.17802620150485	-8.443255575089662	-3.9562783370294197	1.2607871537359108	-22.191402793593078	-7.7039210941318315	-22.29746	-8.372581	-4.154374	2.432324
-22.37584011835632	-8.380216217402866	-3.9562783370294197	1.2607871537359108	-22.5838	-8.352956	-22.50351	-8.248174	-4.085642	2.542698
-22.51622082080678	-8.361409427360956	-3.752643607135069	1.2657044799398216	-22.317710245162647	-8.577582065422764	-22.70605	-8.118289	-4.013912	2.651451
-22.703853001163534	-8.298124203363965	-3.752643607135069	1.2657044799398216	-22.98609	-7.672402	-22.90492	-7.98301	-3.939227	2.758484
-22.88939376780733	-8.216490275346333	-3.437066447874391	1.3803386457170554	-23.26933245024445	-8.320308675578127	-23.09998	-7.842426	-3.861632	2.863697
-23.06124709020105	-8.14747334306048	-3.437066447874391	1.3803386457170554	-23.47772	-7.565831	-23.29109	-7.696629	-3.781177	2.966995
-23.307636947178924	-7.875795904513869	-3.594134665272835	1.6204353250770187	-23.473008755895528	-7.02102629593081	-23.4781	-7.545719	-3.697916	3.068281
-23.487343680442567	-7.794774138260018	-3.594134665272835	1.6204353250770187	-23.54077	-7.360692	-23.66088	-7.389798	-3.611907	3.167464
-23.72989667074482	-7.489388779335695	-3.5416178733500945	1.9218265449281406	-24.050507416277462	-6.569685180827372	-23.83929	-7.228974	-3.523209	3.264451
-23.906977564412326	-7.393297452089287	-3.5416178733500945	1.9218265449281406	-23.93837	-7.261707	-24.01319	-7.063359	-3.431889	3.359156
-24.11777529215382	-7.05003266933474	-3.339904104622949	2.270396672362091	-24.357726617064195	-5.940858701472588	-24.18246	-6.89307	-3.338014	3.451493
-24.284770497384965	-6.936512835716636	-3.339904104622949	2.270396672362091	-24.25736	-6.435202	-24.34697	-6.718227	-3.241657	3.541377
-24.442631565475462	-6.846132731892617	-3.034928204903782	2.3192006526441813	-24.78801578137842	-7.183667098615752	-24.5066	-6.538955	-3.142893	3.62873
-24.59437797572065	-6.730172699260407	-3.034928204903782	2.3192006526441813	-24.30075	-6.437988	-24.66123	-6.355382	-3.0418	3.713473
-24.717934471636916	-6.51924015458867	-2.8304748699133566	2.4751663642645636	-24.610757952562807	-6.008779299430682	-24.81075	-6.167641	-2.938459	3.795532
-24.859458215132584	-6.395481836375442	-2.8304748699133566	2.4751663642645636	-25.14596	-5.919019	-24.95505	-5.975869	-2.832955	3.874837
-24.99736378725454	-6.072626513519185	-2.6998436158178216	2.743150750452613	-24.89745358225478	-5.022853173552708	-25.09401	-5.780204	-2.725375	3.951321
-25.13235596804543	-5.935468975996554	-2.6998436158178216	2.743150750452613	-25.19409	-5.643722	-25.22755	-5.580789	-2.615809	4.024918
-25.30101132173728	-5.713923727077497	-2.6848452783102505	2.8475497725049803	-25.53280140050586	-5.439898997152973	-25.35556	-5.377771	-2.504349	4.09557
-25.435253585652795	-5.571546238452248	-2.6848452783102505	2.8475497725049803	-25.57125	-5.102407	-25.47795	-5.171298	-2.39109	4.163218
-25.4773089631198	-5.653438541961109	-2.5526642443949807	2.600062580327826	-25.01784220848503	-6.559036645799817	-25.59463	-4.961521	-2.276127	4.227811
-25.60494217533955	-5.523435412944718	-2.5526642443949807	2.600062580327826	-25.69517	-4.899949	-25.70552	-4.748596	-2.159561	4.2893
-25.742101648897165	-5.223230554565254	-2.42141993370492	2.8132752938768473	-25.81622126544938	-4.406808698248583	-25.81054	-4.532677	-2.04149	4.347639
-25.863172645582413	-5.082566789871412	-2.42141993370492	2.8132752938768473	-25.95157	-4.266589	-25.90963	-4.313924	-1.922018	4.402788
-26.034283829966714	-4.7863344824676695	-2.0017068039111154	3.0206392093775265	-26.895320876159843	-4.439662855724572	-26.0027	-4.092498	-1.801248	4.45471
-26.13436917016227	-4.635302521998793	-2.0017068039111154	3.0206392093775265	-26.1198	-3.677232	-26.08971	-3.86856	-1.679284	4.503373
-26.229567178020556	-4.351198195181847	-1.6093535319461234	3.203280492257525	-26.565239065171387	-3.857228114383718	-26.1706	-3.642274	-1.556233	4.548748
-26.31003485461786	-4.191034170568971	-1.6093535319461234	3.203280492257525	-25.99736	-3.24722	-26.2453	-3.413805	-1.4322	4.590811
-26.35644964475965	-3.867531424638911	-1.2856396805078203	3.4164675073351063	-26.297580346021252	-3.0107833102793617	-26.31378	-3.183319	-1.307294	4.629543
-26.420731628785042	-3.696708049272156	-1.2856396805078203	3.4164675073351063	-26.17411	-2.878854	-26.376	-2.950983	-1.181621	4.664928
-26.46225871228307	-3.508780207119231	-1.1049337011630889	3.4558337409716935	-26.468083376734477	-3.4496700314424262	-26.43191	-2.716966	-1.055291	4.696955
-26.517505397341225	-3.335988520070646	-1.1049337011630889	3.4558337409716935	-26.67403	-2.738519	-26.4815	-2.481434	-0.9284109	4.725618
-26.595481367094834	-2.8954721146554294	-1.0347596983339915	3.7686583720856186	-26.657041405977242	-1.7238193868311478	-26.52473	-2.244556	-0.8010895	4.750913
-26.647219352011533	-2.7070391960511486	-1.0347596983339915	3.7686583720856186	-26.66913	-2.173329	-26.56159	-2.006501	-0.6734344	4.772843
-26.661331936302954	-2.338361391017119	-0.8960762988625184	3.999856447942805	-26.32481579977368	-1.322607813520679	-26.59206	-1.767436	-0.5455531	4.791414
-26.70613575124608	-2.138368568619979	-0.8960762988625184	3.999856447942805	-26.4671	-1.532073	-26.61613	-1.52753	-0.4175523	4.806636
-26.67022482739817	-1.9831199247294908	-0.4577061671080465	3.9922867847954477	-26.499797666916294	-2.195253182983173	-26.63381	-1.286948	-0.2895382	4.818524
-26.69311013575357	-1.7835055854897184	-0.4577061671080465	3.9922867847954477	-26.59975	-1.142766	-26.64509	-1.045858	-0.1616155	4.827096
-26.740825459857607	-1.5724285156394462	-0.29826764145123796	3.988619589024603	-27.200826730423977	-1.6767830011818499	-26.64997	-0.8044246	-0.03388826	4.832376
-26.755738841930167	-1.372997536188216	-0.29826764145123796	3.988619589024603	-26.73546	-0.5953902	-26.64848	-0.5628115	0.09354119	4.834389
-26.762369563303313	-0.9475025754435975	0.04821430723893316	4.206152411384735	-26.989057111830654	0.03514912151667998	-26.64063	-0.3211813	0.2205718	4.833166
-26.759958847941366	-0.7371949548743608	0.04821430723893316	4.206152411384735	-26.45533	0.06026528	-26.62645	-0.07969471	0.3471043	4.828743
-26.747635039612522	-0.389538115142108	0.3321415837578249	4.340129481745024	-26.95374211723454	0.1369438049603243	-26.60595	0.1614891	0.4730412	4.821156
-26.73102796042463	-0.17253164105485677	0.3321415837578249	4.340129481745024	-26.62014	0.5758802	-26.57917	0.4022133	0.598287	4.810449
-26.716123204351934	0.11827462566352383	0.4249247555022249	4.415044591211749	-26.824057115763058	0.38150816921973396	-26.54616	0.6423229	0.7227482	4.796667
-26.694876966576825	0.3390268552241113	0.4249247555022249	4.415044591211749	-26.72929	1.060825	-26.50694	0.8816656	0.8463337	4.779858
-26.61584530281986	0.8795143280931561	0.5103796915349078	4.816941802684929	-25.956177993114185	2.6040857858709257	-26.46158	1.120091	0.9689547	4.760074
-26.590326318243115	1.1203614182274027	0.5103796915349078	4.816941802684929	-26.39862	1.422123	-26.41011	1.357453	1.090525	4.737372
-26.525667002960837	1.0067762471586876	0.7128377179052496	4.437974140711388	-26.50720201000138	-0.5639289325606439	-26.35259	1.593607	1.210961	4.71181
-26.490025117065574	1.228674954194257	0.7128377179052496	4.437974140711388	-26.35944	1.79315	-26.28908	1.82841	1.330181	4.683449
-26.41001669427769	1.4971710544600023	1.0128120269078906	4.452841430205008	-26.347503635377837	1.8282718953568564	-26.21965	2.061726	1.448108	4.652353
-26.359376092932294	1.7198131259702527	1.0128120269078906	4.452841430205008	-26.25018	2.184809	-26.14436	2.293419	1.564667	4.618589
-26.27643439493164	1.9892573955053188	1.115938000192727	4.5063214969625545	-26.06904566544821	2.2789647284843624	-26.06328	2.523357	1.679785	4.582228
-26.220637494922006	2.2145734703534465	1.115938000192727	4.5063214969625545	-26.06412	2.807007	-25.97648	2.751414	1.793393	4.54334
-26.125653197371342	2.543853432461652	1.5607230404303023	4.540045623425407	-26.323416901875827	3.0238757664523876	-25.88405	2.977463	1.905426	4.502
-26.047617045349828	2.7708557136329226	1.5607230404303023	4.540045623425407	-25.83448	3.420054	-25.78605	3.201385	2.015821	4.458284
-25.9636750334646	3.157578905226969	1.7606327349095958	4.669056013768812	-26.18242194104003	3.733763187113729	-25.68259	3.423063	2.124519	4.41227
-25.87564339671912	3.3910317059154096	1.7606327349095958	4.669056013768812	-25.66661	3.635086	-25.57373	3.642385	2.231463	4.364038
-25.737268893765165	3.5103897616328177	2.027105190313561	4.522477516834846	-25.57725176141172	3.133160124692143	-25.45958	3.859241	2.336602	4.31367
-25.635913634249487	3.73651363747456	2.027105190313561	4.522477516834846	-25.74924	3.999675	-25.34022	4.073527	2.439886	4.261248
-25.495827743341152	3.900760641128444	2.22492061393061	4.429517789220624	-25.351569047021194	3.756909783188443	-25.21574	4.285143	2.541269	4.206857
-25.38458171264462	4.1222365305894755	2.22492061393061	4.429517789220624	-25.02143	4.528026	-25.08625	4.493991	2.64071	4.150582
-25.17289851281757	4.272175651192572	2.3791322264879042	4.383600669012	-24.271907852854135	4.3091726948635705	-24.95183	4.699982	2.73817	4.09251
-25.053941901493175	4.491355684643172	2.3791322264879042	4.383600669012	-25.03631	4.884993	-24.8126	4.903026	2.833613	4.032728
-24.856430624999046	4.715577783545023	2.6350570624524714	4.369009646367857	-24.3608728565303	4.959466866949018	-24.66865	5.103041	2.927008	3.971324
-24.724677771876422	4.934028265863416	2.6350570624524714	4.369009646367857	-24.50414	5.352928	-24.52008	5.299948	3.018326	3.908388
-24.531469126202012	5.143924029284237	3.033387803310612	4.277528753130252	-24.437857022442348	5.245919713030807	-24.367	5.493672	3.107543	3.844007
-24.37979973603648	5.35780046694075	3.033387803310612	4.277528753130252	-24.1159	5.611521	-24.20952	5.684145	3.194637	3.778271
-24.231179118362046	5.399712975307552	3.3006688145278433	4.0133020056434905	-24.56376262834179	4.758359139291516	-24.04774	5.871299	3.27959	3.71127
-24.066145677635653	5.600378075589727	3.3006688145278433	4.0133020056434905	-23.9153	5.943773	-23.88176	6.055076	3.362388	3.643093
-23.87430577065762	5.945990954170815	3.212277680159066	4.244506415479881	-23.549132470674596	6.444953149420051	-23.71171	6.235417	3.443019	3.57383
-23.713691886649666	6.1582162749448095	3.212277680159066	4.244506415479881	-23.64709	6.29102	-23.53768	6.412271	3.521475	3.503569
-23.549531829227668	6.406957467644846	3.353501822388236	4.2302528359976135	-23.75442954029217	6.537462120371693	-23.35978	6.585591	3.597751	3.432399
-23.381856738108254	6.6184701094447265	3.353501822388236	4.2302528359976135	-23.00988	6.861822	-23.17813	6.755333	3.671846	3.360409
-23.167136047631068	6.580919987082844	3.5846989528105517	3.923323197125428	-22.786216226421324	5.741436456077308	-22.99282	6.921459	3.743759	3.287685
-22.98790109999054	6.777086146939115	3.5846989528105517	3.923323197125428	-22.69912	7.063003	-22.80398	7.083934	3.813497	3.214315
-22.743643844893104	6.8855441077633674	3.9145839102440774	3.74000063723826	-22.417954693425845	6.761588154798102	-22.61171	7.242727	3.881065	3.140384
-22.5479146493809	7.072544139625281	3.9145839102440774	3.74000063723826	-22.50832	7.315242	-22.41611	7.397815	3.946474	3.065978
-22.266297278077598	7.335297736902398	4.370114304737415	3.6674938606182543	-22.054334759833836	7.854515458561716	-22.2173	7.549173	4.009736	2.99118
-22.04779156284073	7.518672429933311	4.370114304737415	3.6674938606182543	-22.19469	7.694784	-22.01538	7.696786	4.070867	2.916073
-21.77173809528308	8.027926111834837	4.4048068745023	4.075833612594762	-21.6178151547506	9.035103404866787	-21.81046	7.840639	4.129885	2.840738
-21.551497751557964	8.231717792464575	4.4048068745023	4.075833612594762	-21.64727	7.94	-21.60264	7.980724	4.186809	2.765256
-21.38182010607638	8.288888247232101	4.483479708558108	3.8338021080893534	-21.863656517879413	7.786606577366622	-21.39203	8.117035	4.241663	2.689706
-21.157646120648472	8.480578352636568	4.483479708558108	3.8338021080893534	-21.08525	7.832295	-21.17873	8.249571	4.294471	2.614165
-20.878103305719158	8.811916827508783	4.533523771666434	4.025130708895554	-20.55031061315529	9.286160978732662	-20.96283	8.378334	4.345261	2.538708
-20.651427117135835	9.01317336295356	4.533523771666434	4.025130708895554	-21.05193	8.509834	-20.74445	8.503329	4.394061	2.463411
-20.330126988654776	9.20505238013875	4.980251460242078	3.8487184376727197	-19.926483689889206	9.408465422027088	-20.52368	8.624568	4.440903	2.388345
-20.081114415642674	9.397488302022385	4.980251460242078	3.8487184376727197	-20.21	8.68914	-20.30062	8.742063	4.485819	2.313582
-19.90424100248853	9.418848032962652	4.883070648281906	3.635016963150839	-20.22771687387202	8.853198188252271	-20.07535	8.855831	4.528845	2.23919
-19.660087470074433	9.600598881120193	4.883070648281906	3.635016963150839	-20.06326	8.867236	-19.84799	8.965893	4.570015	2.165237
-19.51103356742795	9.544931051032322	4.7836660235544075	3.3259488532365977	-19.926360849034765	8.781796357406302	-19.61861	9.072271	4.609368	2.091789
-19.27185026625023	9.71122849369415	4.7836660235544075	3.3259488532365977	-19.48608	8.966645	-19.3873	9.174993	4.646942	2.01891
-18.9525739472977	9.910662444145942	5.083790807874086	3.2346791136312514	-18.57192067688156	10.206900206219279	-19.15416	9.27409	4.682779	1.946661
-18.698384406903998	10.072396399827504	5.083790807874086	3.2346791136312514	-18.67863	9.191907	-18.91928	9.369592	4.716918	1.875103
-18.566864343894604	9.92461476843407	5.117842257450035	2.754309376176276	-19.282487959723447	8.981886352627733	-18.68272	9.461538	4.749403	1.804293
-18.310972231022102	10.062330237242884	5.117842257450035	2.754309376176276	-18.42417	9.46852	-18.44458	9.549965	4.780277	1.734289
-18.09747018554181	9.843510666153476	5.358870588418613	2.181194612595875	-18.16336452018441	8.724442578629665	-18.20494	9.634916	4.809585	1.665143
-17.82952665612088	9.952570396783269	5.358870588418613	2.181194612595875	-17.77364	9.724776	-17.96387	9.716433	4.83737	1.59691
-17.54335239176863	10.06356284108231	5.279637795963751	2.273202832230412	-17.22959505450376	9.977671705975274	-17.72144	9.794565	4.863679	1.529639
-17.27937050197044	10.17722298269383	5.279637795963751	2.273202832230412	-17.34358	9.881093	-17.47773	9.869361	4.888556	1.46338
-17.021289197253815	10.253289595212966	5.383969897450791	2.143792804143937	-17.155386828112878	10.21204885504428	-17.23282	9.940872	4.91205	1.398179
-16.752090702381274	10.360479235420163	5.383969897450791	2.143792804143937	-16.88756	10.14499	-16.98676	10.00915	4.934206	1.334081
-16.507653640399287	10.369497352814964	5.431805247041639	1.96557573477081	-16.59577553579308	10.10782321719033	-16.73963	10.07426	4.95507	1.271129
-16.236063378047206	10.467776139553504	5.431805247041639	1.96557573477081	-16.51533	10.30912	-16.49148	10.13625	4.97469	1.209366
-15.966025030739383	10.552166552386334	5.522688338994192	1.8709460338117887	-16.0899688154936	10.582406112337758	-16.24238	10.19518	4.993113	1.148829
-15.689890613789673	10.645713854076924	5.522688338994192	1.8709460338117887	-16.00595	10.1843	-15.99238	10.25112	5.010385	1.089559
-15.470953012273679	10.647645948309835	5.466910806572908	1.730229213110907	-15.723446966629059	10.410047696821733	-15.74155	10.30413	5.026553	1.03159
-15.197607471945034	10.73415740896538	5.466910806572908	1.730229213110907	-15.56987	10.1904	-15.48993	10.35428	5.041663	0.9749565
-14.815467545505774	10.811181355918052	5.847827547832612	1.5188505653085072	-14.23851917797117	10.910907205221168	-15.23758	10.40163	5.055761	0.9196923
-14.523076168114143	10.887123884183477	5.847827547832612	1.5188505653085072	-14.93648	10.47218	-14.98455	10.44625	5.068892	0.8658283
-14.418272809226503	10.648274305408991	5.4314919829763895	1.2090382285907997	-14.724006602596406	9.635064038998255	-14.73089	10.48822	5.081101	0.813394
-14.146698210077684	10.708726216838532	5.4314919829763895	1.2090382285907997	-14.40883	10.22201	-14.47663	10.5276	5.092432	0.7624177
-13.889110089952734	10.698646685159256	5.483683059253558	1.0542770871370444	-13.900493280579676	10.52377937730354	-14.22183	10.56447	5.102928	0.7129259
-13.614925936990057	10.751360539516108	5.483683059253558	1.0542770871370444	-13.80486	10.93833	-13.96652	10.59891	5.112633	0.6649439
-13.35951103058954	10.812622954819096	5.372752772741406	1.1436895481429246	-13.395609305054974	10.785681207504915	-13.71073	10.63099	5.121588	0.6184955
-13.090873391952469	10.869807432226242	5.372752772741406	1.1436895481429246	-13.3556	10.5517	-13.45452	10.66078	5.129834	0.5736031
-12.832996115018183	10.874342094034187	5.4745458001026215	0.9596411439008334	-12.937368670293877	10.813742865159984	-13.19791	10.68837	5.137411	0.5302878
-12.559268825013053	10.922324151229228	5.4745458001026215	0.9596411439008334	-12.95906	11.00989	-12.94094	10.71383	5.144357	0.4885696
-12.25431612756696	11.034306222928	5.5306515474720355	1.0308056697265902	-12.251762343898843	11.24951882477745	-12.68362	10.73726	5.150712	0.448467
-11.97778355019336	11.08584650641433	5.5306515474720355	1.0308056697265902	-12.37133	10.60914	-12.42601	10.75871	5.156511	0.4099975
-11.753903103026822	11.069767861452867	5.470580418383149	0.9171922208007294	-11.935203860252816	10.916081266819438	-12.16811	10.77829	5.161789	0.3731774
-11.480374082107664	11.115627472492903	5.470580418383149	0.9171922208007294	-11.94509	11.0515	-11.90996	10.79606	5.166582	0.3380221
-11.183200678576648	11.12273019388572	5.5566556600050205	0.8170271702547522	-10.97031645437409	10.96762884090217	-11.65158	10.81212	5.170921	0.3045457
-10.905367895576397	11.163581552398458	5.5566556600050205	0.8170271702547522	-11.45483	10.94067	-11.39299	10.82655	5.174838	0.2727614
-10.747123299823123	10.958385157265301	5.738860221599556	0.13396771714473832	-11.347198614923279	10.511093810635657	-11.13421	10.83944	5.178363	0.2426814
-10.460180288743144	10.965083543122537	5.738860221599556	0.13396771714473832	-10.60086	10.68225	-10.87526	10.85086	5.181525	0.2143171
-10.269684980809595	10.907732937995402	5.579710428100334	0.04666327791577281	-10.656250983636209	10.836872487699223	-10.61615	10.86091	5.184351	0.1876789
-9.990699459404578	10.910066101891191	5.579710428100334	0.04666327791577281	-10.41423	10.87465	-10.35691	10.86967	5.186866	0.1627763
-9.728434951602257	11.01138369625845	5.382836255366028	0.41150861897492275	-9.90413292520276	11.225468667490663	-10.09755	10.87723	5.189095	0.1396181
-9.459293138833955	11.031959127207196	5.382836255366028	0.41150861897492275	-9.834446	11.10321	-9.838085	10.88367	5.19106	0.1182124
-9.430135288405102	10.810544606054334	5.082567763431775	-0.01749079952055288	-10.1950324584886	10.349768350004936	-9.578521	10.88909	5.192781	0.09856635
-9.176006900233514	10.809670066078306	5.082567763431775	-0.01749079952055288	-9.306602	11.03476	-9.318874	10.89357	5.194279	0.08068649
-9.026700662237703	10.691169650172169	4.9022327878833885	-0.1651273377980993	-9.222602002687223	10.35265185957828	-9.059154	10.8972	5.19557	0.06457867
-8.781589022843534	10.682913283282264	4.9022327878833885	-0.1651273377980993	-8.788986	11.07066	-8.799372	10.90007	5.19667	0.05024805
-8.660205688891345	10.51708829448038	4.702318973339723	-0.38551258606284755	-8.839142026653462	10.03187427329253	-8.539535	10.90227	5.197594	0.03769917
-8.42508974022436	10.49781266517724	4.702318973339723	-0.38551258606284755	-8.620445	10.65766	-8.279654	10.90389	5.198353	0.02693593
-8.070331914925893	10.64260501631638	4.867301994622904	-0.0955297063112101	-7.915434722116948	11.1156699070054	-8.019735	10.90501	5.198959	0.01796166
-7.826966815194748	10.637828531000821	4.867301994622904	-0.0955297063112101	-7.519712	11.00045	-7.759787	10.90573	5.199421	0.01077906
-7.519423633956941	10.673172561853718	4.9428070162423525	0.021665541049175216	-7.259867500790843	10.645797820312056	-7.499815	10.90613	5.199745	0.005390285
-7.272283283144823	10.674255838906177	4.9428070162423525	0.021665541049175216	-7.156314	10.81504	-7.239828	10.90631	5.199937	0.001796922
-7.07315993472942	10.720577845115878	4.81575477108671	0.14701650704111646	-7.393957467338674	11.018094562182096	-6.979831	10.90636	5.2	-7.848735E-15
